SR_44100:0.9999858767258448,-1.9975075496171819,0.9975465088872687,1.9975075496171819,-0.9975323856131137,0.9974332693702472,-1.9579845972379577,0.9627836860010447,1.9579845972379577,-0.9602169553712920,1.0013358387970817,-1.9391097926673309,0.9535753910678778,1.9391097926673309,-0.9549112298649596,0.9991043571549466,-1.9313347253581234,0.9610958513938040,1.9313347253581234,-0.9602002085487507,0.9891798073552869,-1.8484103916282082,0.9056021270516276,1.8484103916282082,-0.8947819344069143,0.9445638555269107,-1.3623933957524337,0.6404568417371049,1.3623933957524337,-0.5850206972640155,1.0053631013545801,-1.2319910568456891,0.8668328105974590,1.2319910568456891,-0.8721959119520387,1.2555520105346010,-0.6118908856593830,-0.1573659603021264,0.6118908856593830,-0.0981860502324744
SR_48000:0.9999870229411265,-1.9977116858049433,0.9977456290753584,1.9977116858049433,-0.9977326520164848,0.9976380055934355,-1.9615028213996080,0.9657522591270337,1.9615028213996080,-0.9633902647204692,1.0012295482773328,-1.9451335631065581,0.9572693216703703,1.9451335631065581,-0.9584988699477031,0.9991757982816909,-1.9389606194346953,0.9641990484179445,1.9389606194346953,-0.9633748466996355,0.9900164738934544,-1.8635823838678274,0.9129014001942993,1.8635823838678274,-0.9029178740877538,0.9482135003987217,-1.4204626319310096,0.6641274064241187,1.4204626319310096,-0.6123409068228404,1.0049527983096094,-1.3335404603185017,0.8770207409924977,1.3335404603185017,-0.8819735393021073,1.2425056765337881,-0.7110849540417500,-0.0982805989790595,0.7110849540417500,-0.1442250775547285
