SR_44100:1.0001477687723845,-1.9957656066670282,0.9957199547214698,1.9957656066670282,-0.9958677234938544,1.0009669158045442,-1.9890349018492526,0.9887741517924716,1.9890349018492526,-0.9897410675970157,0.9991385842075193,-1.9854579482198131,0.9875099006319533,1.9854579482198131,-0.9866484848394725,1.0033597994250567,-1.9605638500093820,0.9609928825486421,1.9605638500093820,-0.9643526819736989,0.9887096494379801,-1.8084881397000445,0.8689195470553207,1.8084881397000445,-0.8576291964933009,0.9700430513149966,-1.3748677084363348,0.7250110798677244,1.3748677084363348,-0.6950541311827210,1.0647401593417780,-0.8160817849666439,0.3363296680456258,0.8160817849666439,-0.4010698273874037,0.9051121638595475,-0.1908221361730990,0.4062070041547214,0.1908221361730990,-0.3113191680142688
SR_48000:1.0001357853491255,-1.9961166221032673,0.9960670483144778,1.9961166221032673,-0.9962028336636032,1.0008887240503694,-1.9899743488870287,0.9896819544773803,1.9899743488870287,-0.9905706785277497,0.9992081449989625,-1.9867211475557269,0.9885184974150957,1.9867211475557269,-0.9877266424140581,1.0030912825204330,-1.9639986761028116,0.9641103515136694,1.9639986761028116,-0.9672016340341025,0.9895670560407326,-1.8266907496620359,0.8788739984453960,1.8266907496620359,-0.8684410544861284,0.9721378620000589,-1.4413085874180094,0.7442403322933977,1.4413085874180094,-0.7163781942934567,1.0608580355462742,-0.9244921026140480,0.3761264559164784,0.9244921026140480,-0.4369844914627527,0.9105308878721564,-0.3495732717809799,0.4401165177023080,0.3495732717809799,-0.3506474055744646
