SR_44100:1.0000938404808681,-1.9967443046064843,0.9967387474927238,1.9967443046064843,-0.9968325879735919,0.9800717673438265,-1.9318637053410768,0.9526735264431174,1.9318637053410768,-0.9327452937869437,1.0608792000594589,-1.9028448700823473,0.8520779526759343,1.9028448700823473,-0.9129571527353932,1.0452043459625819,-1.7952543342119125,0.8355109527032666,1.7952543342119125,-0.8807152986658483,0.9779717599385034,-1.6197824155569533,0.8950165344781617,1.6197824155569533,-0.8729882944166649,1.0664206988102789,-1.2206820624096799,0.6461540345120437,1.2206820624096799,-0.7125747333223225,0.9696838442934920,-1.0023768106392539,0.8474993324222252,1.0023768106392539,-0.8171831767157171,0.8965762607543285,-0.6345064629411272,0.6505553678963962,0.6345064629411272,-0.5471316286507246
SR_48000:1.0000862270351936,-1.9970150359597216,0.9970033387284605,1.9970150359597216,-0.9970895657636539,0.9816408381051924,-1.9372944673124763,0.9563998270728757,1.9372944673124763,-0.9380406651780681,1.0561292730596739,-1.9111811493824653,0.8636191510780460,1.9111811493824653,-0.9197484241377197,1.0417313096154559,-1.8173042337583822,0.8481485968899244,1.8173042337583822,-0.8898799065053801,0.9796571350871359,-1.6670885470913626,0.9030487932202974,1.6670885470913626,-0.8827059283074333,1.0617217934274854,-1.3094287824786965,0.6711867237443624,1.3094287824786965,-0.7329085171718477,0.9719407970307088,-1.1289106814951533,0.8588525792668824,1.1289106814951533,-0.8307933762975912,0.9032486676977746,-0.7776076422909167,0.6730998707987670,0.7776076422909167,-0.5763485384965416
