SR_44100:0.9896552676416996,-1.9359346727506341,0.9464720021687163,1.9359346727506341,-0.9361272698104159,1.0503479337401145,-1.7420915229787941,0.7235926209804378,1.7420915229787941,-0.7739405547205522,0.9704228425525077,-1.7247883541499069,0.8832779328058120,1.7247883541499069,-0.8537007753583195,0.9795572223588176,-1.4873755152379762,0.8446956273941902,1.4873755152379762,-0.8242528497530078,0.9608684224699825,-1.2107491401267401,0.8653907195519315,1.2107491401267401,-0.8262591420219139,0.9694127813051773,-1.1591943990441502,0.8614739689832663,1.1591943990441502,-0.8308867502884435,1.0237720149591032,-0.9941624006426789,0.8399841829347542,0.9941624006426789,-0.8637561978938574,1.1954052538737061,-0.2467743956178778,0.0687262951753729,0.2467743956178778,-0.2641315490490790
SR_48000:0.9904710792498754,-1.9410014390792962,0.9506933546871434,1.9410014390792962,-0.9411644339370187,1.0466789735397481,-1.7632678079908028,0.7437350100990260,1.7632678079908028,-0.7904139836387742,0.9726643682872799,-1.7551213881920080,0.8921237969797459,1.7551213881920080,-0.8647881652670254,0.9810843626653369,-1.5495458670999651,0.8562973564423638,1.5495458670999651,-0.8373817191077009,0.9637941754015302,-1.3110576031651411,0.8754550594467996,1.3110576031651411,-0.8392492348483298,0.9717052404619617,-1.2667465241326021,0.8718562555005777,1.2667465241326021,-0.8435614959625393,1.0219602078998211,-1.1260562258618534,0.8521799428421228,1.1260562258618534,-0.8741401507419441,1.1841045964797356,-0.3962986086192809,0.1225836243392985,0.3962986086192809,-0.3066882208190341
