SR_44100:0.9878735121607832,-1.9655698751038422,0.9780440214973694,1.9655698751038422,-0.9659175336581528,1.0108691866529342,-1.9664196094738495,0.9579978796938536,1.9664196094738495,-0.9688670663467878,0.9825456547888070,-1.8918201402179764,0.9264052180692094,1.8918201402179764,-0.9089508728580163,1.0567589503206789,-1.8368755151346947,0.8476680842353906,1.8368755151346947,-0.9044270345560693,0.9821240505810234,-1.5956003749960881,0.9047686535301432,1.5956003749960881,-0.8868927041111665,0.9218537144931626,-1.1638520663991461,0.8470831492502717,1.1638520663991461,-0.7689368637434344,1.0530045306404672,-1.0056980619451878,0.7765108443410647,1.0056980619451878,-0.8295153749815318,1.3538510599013673,-0.2043339477541750,0.0503205301442191,0.2043339477541750,-0.4041715900455863
SR_48000:0.9888433493213749,-1.9683494713876186,0.9797999894355995,1.9683494713876186,-0.9686433387569745,1.0099986773453347,-1.9692919066586654,0.9613618146259629,1.9692919066586654,-0.9713604919712974,0.9839044672753313,-1.9015218436484407,0.9321345368961607,1.9015218436484407,-0.9160390041714921,1.0523481668152743,-1.8545582152344271,0.8595059194597039,1.8545582152344271,-0.9118540862749783,0.9835010306038187,-1.6475651486307135,0.9121043009164403,1.6475651486307135,-0.8956053315202591,0.9275268207260535,-1.2651652886206375,0.8581842979929898,1.2651652886206375,-0.7857111187190432,1.0490295993865772,-1.1329660622610924,0.7932708084233789,1.1329660622610924,-0.8423004078099562,1.3315674463155405,-0.3731377660455293,0.1101261736331996,0.3731377660455293,-0.4416936199487401
